"    Number of Bus,MW Limit,pu Voltage Diff. Magnitude Limit:"	118	1000	2.12									
  lambdak_m	  lambdak_M	 lambda_k_m	 lambda_k_M	     mu_k_M	     mu_k_m							
0.22821	0.14244	0.46514	28.27543	0.99384	0.54357							
1217674.684	1221725.504	1219612.408	1219629.159	1.18273	0.50467							
1217668.573	1221700.624	1219626.011	1219648.493	1.15516	0.50758							
65.12329	0.10319	0.01718	0.03029	13.38958	0.38813							
732745.7326	736669.8926	734667.1232	734675.4516	4.16351	0.40195							
2.44341	0.11079	0.17715	0.46339	2.6663	0.42059							
1217666.734	1221677.503	1219602.646	1219604.066	2.27875	0.42915							
75.4772	0.10261	0.02176	0.02171	1.57683	0.46643							
1820170.964	1824028.66	1822042.107	1822027.121	336.40266	0.3517							
0.02025	0.03766	0.17054	0.0215	2.96763	0.37856							
732647.4852	736662.4691	734676.347	734686.8759	1.61462	0.45627							
0.11474	0.06766	0.08419	0.12518	2.0652	0.43535							
1217651.745	1221717.756	1219618.505	1219643.23	1.01792	0.54039							
1232936.835	1236979.724	1663738.096	1663734.566	1.90759	0.44297							
0.27322	0.13377	0.24836	1.55847	1.78758	0.44686							
1232961.094	1236991.994	1219616.532	1219624.998	1.53204	0.46474							
1217674.253	1221643.409	734671.8907	734674.1225	5.29049	0.39519							
0.38666	0.12062	0.15841	0.49444	2.1554	0.42983							
0.27201	0.13185	0.31996	1.45958	1.7626	0.44781							
1232978.706	1237034.226	1234876.047	1234884.272	1.1327	0.5137							
1232994.837	1237033.09	1219607.465	1219620.987	1.00658	0.53838							
1661858.713	1665854.83	1234878.274	1234888.396	1.13677	0.49936							
1232997.195	1236900.641	1219614.807	1219619.091	2.51955	0.39702							
67.61445	0.09567	0.022	0.02091	2.24036	0.40592							
0.04736	0.04936	11.41566	0.04416	524.67697	0.35247							
0.0313	0.0441	0.00253	0.0034	1.26546	0.45671							
0.46571	0.11624	0.02062	0.02327	1.58229	0.44371							
1232951.19	1237013.057	1219615.361	1219621.827	1.18059	0.48332							
1217653.942	1221736.398	1219613.643	1219617.609	1.17851	0.48156							
1217745.145	1221692.535	734672.4892	734675.5422	0.92647	0.55059							
1.29	0.07388	0.01938	0.02437	1.31794	0.46351							
0.35646	0.12087	0.22387	0.38617	1.57029	0.4375							
1232952.964	1237006.511	1219622.79	1219638.976	1.5903	0.45991							
0.66315	0.12328	0.3479	0.97923	7.81781	0.39007							
1217681.257	1221703.602	1219652.032	1219656.134	4.11629	0.40308							
0.43148	0.1277	0.31396	2.59454	4.78888	0.3993							
1217678.543	1221671.737	734675.9289	734678.6387	167.66024	0.38278							
1217770.492	1221739.011	734680.2865	734688.1043	0.64407	0.77209							
1217654.24	1221739.101	1219626.468	1219636.168	1.71378	0.4389							
0.13624	0.21392	0.01885	0.02509	1.98738	0.4304							
1217601.867	1221728.439	1219615.398	1219622.113	1.39844	0.46201							
0.15251	0.20225	0.01965	0.02349	1.90938	0.43436							
1661834.524	1665921.206	1234899.175	1234901.996	1.37593	0.48876							
1232974.178	1237090.01	1234883.881	1234882.059	1.03909	0.52636							
1217681.721	1221780.372	1219628.649	1219637.073	0.91403	0.54767							
0.49683	0.07278	0.07903	0.0714	1.35377	0.45531							
1217710.69	1221651.791	3932555.099	3932550.449	1.9608	0.41568							
1217707.028	1221652.59	1219632.627	1219627.657	2.39797	0.40178							
0.0458	0.05679	0.06823	0.03833	2.92445	0.39212							
1232995.856	1236970.243	1234884.332	1234890.984	1.44645	0.4437							
1217698.742	1221769.13	1219620.542	1219644.907	0.85071	0.56066							
1232976.459	1237082.24	1234864.716	1234895.027	0.755	0.61376							
1232980.428	1237093.64	1219606.423	1219629.44	0.74247	0.62625							
0.19519	0.07127	0.0332	0.02582	1.07737	0.46641							
0.17313	0.20447	0.37252	0.97205	1.0893	0.48247							
0.1698	0.20899	0.51978	1.16312	1.06354	0.48244							
1232969.404	1237016.476	1663736.71	1663742.467	1.07394	0.48692							
1232944.677	1237028.097	1234882.128	1234895.275	0.87659	0.54829							
0.06082	0.06138	0.03685	0.16915	2.48213	0.42248							
732732.9295	736613.0176	1219646.751	1219646.931	3.43735	0.38818							
0.06134	0.0581	0.03328	0.03666	5.14601	0.37908							
120.20902	0.13026	0.31563	0.54664	2.85007	0.39177							
1217809.863	1221711.766	734672.7081	734675.4177	0.68043	0.71847							
732874.5179	736739.8516	734671.6109	734671.3545	0.82971	0.59243							
0.02256	0.04207	0.0654	0.04701	0.84277	0.55542							
0.02261	0.04104	14.04789	0.02783	623.36301	0.35823							
1217812.917	1221665.801	1219621.917	1219620.22	2.47538	0.39397							
1217754.65	1221555.787	734659.0264	734660.3651	0.78347	0.57916							
0.01588	0.01504	0.03015	0.01592	378.655	0.37351							
24.49482	0.10533	0.27505	0.64817	1.3078	0.45001							
3930935.237	3934914.277	3932828.034	3932827.56	1.37504	0.44273							
23.81648	0.09202	0.07575	0.07298	1.81004	0.41858							
17.76032	0.09719	0.07611	0.07352	1.35228	0.44452							
0.2985	0.13528	0.64219	23.80892	0.82472	0.56075							
1217613.565	1221621.275	1219621.517	1219647.727	0.86116	0.54733							
0.23477	0.1518	0.28042	43.70779	0.67191	0.66856							
99.20559	0.12585	0.10271	1.11434	1.7955	0.42758							
732690.7624	736602.3856	734678.3489	734686.1949	1.41687	0.45245							
1217693.407	1221590.772	734672.5021	734681.8746	1.49495	0.44168							
0.01697	0.03884	0.03444	0.02882	163.16527	0.37826							
1217835.081	1221640.394	734670.6216	734674.8129	0.64263	0.74125							
1217700.973	1221621.595	734679.5503	734689.7656	1.157	0.4964							
1217732.77	1221631.149	1219629.56	1219635.322	1.23267	0.48432							
1233028.49	1236867.218	1219623.85	1219633.31	1.3309	0.47015							
213.71866	0.10624	0.32831	4.68915	1.93945	0.42714							
1233054.106	1236883.693	1219648.491	1219658.531	1.2477	0.48927							
2.41105	0.07379	0.07117	0.00295	2.05399	0.4206							
1217820.743	1221561.537	1219626.667	1219635.974	1.93185	0.42024							
0.0138	0.02735	0.0341	0.0216	497.55909	0.35865							
161.19068	0.10105	0.01777	0.02623	1.61392	0.43697							
178.14709	0.09668	0.07556	0.07331	1.81989	0.41711							
230.00394	0.09983	0.89071	9.35927	2.22459	0.40816							
1233009.576	1236844.687	1219627.083	1219650.608	1.28874	0.47039							
1217696.666	1221569.709	1219627.147	1219653.669	1.16735	0.49462							
1217714.261	1221621.813	734663.0414	734706.2723	0.85424	0.58689							
1217734.7	1221632.547	1219609.826	1219634.963	1.07939	0.51358							
1233065.093	1236931.037	1219609.841	1219627.865	1.44318	0.46146							
1233010.127	1236869.716	1234890.968	1234896.467	2.35555	0.42101							
129.07786	0.10384	0.07877	0.07079	2.82968	0.4079							
0.03861	0.05072	0.0813	0.06778	5.55196	0.39209							
1233040.094	1236877.705	1219621.715	1219637.954	1.38999	0.46823							
1661910.469	1665705.746	1234896.166	1234905.323	1.7507	0.43167							
0.25616	0.06964	0.26368	0.30804	2.44633	0.41636							
8.81345	0.10032	0.33324	2.09754	1.34326	0.46748							
0.65649	0.10559	0.45161	0.58076	1.27251	0.47222							
1217575.555	1221600.15	1219634.727	1219644.225	1.03815	0.51289							
0.22166	0.12857	0.0339	0.03554	1.07351	0.50522							
1661635.017	1665657.952	1663740.773	1663739.35	1.2356	0.47968							
1217467.909	1221493.341	1219666.165	1219666.502	1.23078	0.48093							
0.60205	0.10108	0.3519	1.39092	1.3962	0.46345							
0.28205	0.07041	0.07364	0.00293	2.19207	0.42477							
0.18843	0.13463	0.06645	0.00301	1.12327	0.49221							
20.32688	0.10266	0.0737	0.03524	3.97212	0.38948							
1217682.855	1221725.999	1219558.335	1219562.142	1.34387	0.45861							
1217692.516	1221736.31	1219559.937	1219564.035	1.3229	0.46069							
194.81213	0.12157	0.00528	0.00325	0.80012	0.55783							
1661831.033	1665901.413	1663726.859	1663742.821	1.04305	0.54354							
1217638.858	1221686.477	1219602.93	1219646.282	0.6771	0.6638							
N/W Mat Eig	Dual Mat Eig											
-0.00373	0											
-0.00373	0											
0.80655	0											
0.80655	0											
152.1374	0											
152.1374	0											
367.79004	0											
367.79004	0											
649.07309	0											
649.07309	0											
970.74688	0											
970.74688	0											
1151.08472	0											
1151.08472	0											
1444.44278	0											
1444.44278	0											
1627.72945	0											
1627.72945	0											
2211.77677	0											
2211.77677	0											
2649.73978	0											
2649.73978	0											
3225.40305	0											
3225.40305	0											
3798.81626	0											
3798.81626	0											
4209.43691	0											
4209.43691	0											
4336.28498	0											
4336.28498	0											
4937.21879	0											
4937.21879	0											
5117.60047	0											
5117.60047	0											
5392.50314	0											
5392.50314	0											
5932.51371	0											
5932.51371	0											
6438.36406	0											
6438.36406	0											
6721.38899	0											
6721.38899	0											
7111.9209	0											
7111.9209	0											
7400.43322	0											
7400.43322	0											
8045.53559	0											
8045.53559	0											
8953.87072	0											
8953.87072	0											
9553.09904	0											
9553.09904	0											
9802.01612	0											
9802.01612	0											
10385.74091	0											
10385.74091	0											
10926.7366	0											
10926.7366	0											
10989.72503	0											
10989.72503	0											
11751.33852	0											
11751.33852	0											
11974.26549	0											
11974.26549	0											
12153.29893	0											
12153.29893	0											
12292.04567	0											
12292.04567	0											
13148.29559	0											
13148.29559	0											
13729.74373	0											
13729.74373	0											
14026.96331	0											
14026.96331	0											
14272.60614	0											
14272.60614	0											
14516.98054	0											
14516.98054	0											
14845.56838	0											
14845.56838	0											
15787.96378	0											
15787.96378	0											
15850.88997	0											
15850.88997	0											
17159.21053	0											
17159.21053	0											
17204.03026	0											
17204.03026	0											
17282.4502	0											
17282.4502	0											
17783.19312	0											
17783.19312	0											
18225.81813	0											
18225.81813	0											
18531.87803	0											
18531.87803	0											
18918.15908	0											
18918.15908	0											
19762.42273	0											
19762.42273	0											
20425.23395	0											
20425.23395	0											
21534.58825	0											
21534.58825	0											
22265.14596	0											
22265.14596	0											
22516.33034	0											
22516.33034	0											
22546.26159	0											
22546.26159	0											
22939.829	0											
22939.829	0											
25239.14801	0											
25239.14801	0											
27101.30326	0											
27101.30326	0											
27615.28844	0											
27615.28844	0											
28685.59581	0											
28685.59581	0											
29190.61773	0											
29190.61773	0											
29666.18683	0											
29666.18683	0											
30474.42628	0											
30474.42628	0											
31045.70924	0											
31045.70924	0											
31579.29759	0											
31579.29759	0											
31713.40907	0											
31713.40907	0											
31756.64556	0											
31756.64556	0											
31959.94278	0											
31959.94278	0											
32900.7498	0											
32900.7498	0											
33561.81761	0											
33561.81761	0											
33606.33469	0											
33606.33469	0											
33766.92369	0											
33766.92369	0											
33862.20569	0											
33862.20569	0											
36113.48705	0											
36113.48705	0											
37819.9785	0											
37819.9785	0											
38008.63713	0											
38008.63713	0											
39287.724	0											
39287.724	0											
40144.20013	0											
40144.20013	0											
47167.28948	0											
47167.28948	0											
48813.36178	0											
48813.36178	0											
50643.28445	0											
50643.28445	0											
54512.27204	0											
54512.27204	0											
54900.12292	0											
54900.12292	0											
63939.02795	0											
63939.02795	0											
63974.89037	0											
63974.89037	0											
66624.90047	0											
66624.90047	0											
67337.20432	0											
67337.20432	0											
67872.37023	0											
67872.37023	0											
68400.62945	0											
68400.62945	0											
68921.21044	0											
68921.21044	0											
69479.05313	0											
69479.05313	0											
71992.34373	0											
71992.34373	0											
74812.57527	0											
74812.57527	0											
75104.02833	0											
75104.02833	0											
76185.8127	0											
76185.8127	0											
78349.8119	0											
78349.8119	0											
83847.81095	0											
83847.81095	0											
84472.14448	0											
84472.14448	0											
85802.24508	0											
85802.24508	0											
90864.71711	0											
90864.71711	0											
91702.20655	0											
91702.20655	0											
100781.611	0											
100781.611	0											
102050.0579	0											
102050.0579	0											
106535.3677	0											
106535.3677	0											
107352.1483	0											
107352.1483	0											
116756.9092	0											
116756.9092	0											
120342.6202	0.00001											
120342.6202	0.00001											
129744.7553	0.00001											
129744.7553	0.00001											
130391.7975	0.00001											
130391.7975	0.00001											
131978.1062	0.00001											
131978.1062	0.00001											
178869.4196	0.00001											
178869.4196	0.00001											
180191.8415	0.00002											
180191.8415	0.00002											
186398.4785	0.00002											
186398.4785	0.00002											
194486.3816	0.00003											
194486.3816	0.00003											
237507.4826	0.00005											
237507.4826	0.00005											
239465.0753	0.00012											
239465.0753	0.00012											
278771.4835	0.10885											
278771.4835	0.10885											
323696.0007	63.90941											
323696.0007	63.90942											
 Iterations: 35												
  Tolerance:0.0000000												
Dual Optval:129575.25928902												
  Min Eigen:-0.00372955												
        Binding Const. Upper Voltage Limit at Bus:	66											
                  Bus Voltage Components												
1st Eig	2nd Eig	3rd Eig	4th Eig									
-1.034	-1.034	-0.636	-0.636									
-1.04	-1.04	-0.645	-0.645									
-1.039	-1.039	-0.637	-0.637									
-1.059	-1.059	-0.634	-0.634									
-1.055	-1.055	-0.628	-0.628									
-1.054	-1.054	-0.643	-0.643									
-1.052	-1.052	-0.648	-0.648									
-1.029	-1.029	6.094	6.094									
-1.025	-1.025	6.527	6.527									
-0.981	-0.981	6.741	6.741									
-1.047	-1.047	-0.647	-0.647									
-1.051	-1.051	-0.656	-0.656									
-1.035	-1.035	-0.661	-0.661									
-1.05	-1.05	-0.679	-0.679									
-1.048	-1.048	-0.744	-0.744									
-1.046	-1.046	-0.684	-0.684									
-1.057	-1.057	-0.761	-0.761									
-1.051	-1.051	-0.755	-0.755									
-1.048	-1.048	-0.751	-0.751									
-1.038	-1.038	-0.741	-0.741									
-1.033	-1.033	-0.738	-0.738									
-1.035	-1.035	-0.745	-0.745									
-1.044	-1.044	-0.777	-0.777									
-1.043	-1.043	-0.759	-0.759									
-1.032	-1.032	-0.859	-0.859									
-0.996	-0.996	7.093	7.093									
-1.043	-1.043	-0.755	-0.755									
-1.037	-1.037	-0.744	-0.744									
-1.038	-1.038	-0.742	-0.742									
-1.017	-1.017	6.046	6.046									
-1.041	-1.041	-0.746	-0.746									
-1.044	-1.044	-0.752	-0.752									
-1.046	-1.046	-0.768	-0.768									
-1.058	-1.058	-0.807	-0.807									
-1.055	-1.055	-0.806	-0.806									
-1.056	-1.056	-0.806	-0.806									
-1.059	-1.059	-0.809	-0.809									
-1.002	-1.002	5.863	5.863									
-1.046	-1.046	-0.8	-0.8									
-1.048	-1.048	-0.802	-0.802									
-1.041	-1.041	-0.796	-0.796									
-1.048	-1.048	-0.804	-0.804									
-1.042	-1.042	-0.8	-0.8									
-1.033	-1.033	-0.796	-0.796									
-1.028	-1.028	-0.797	-0.797									
-1.038	-1.038	-0.813	-0.813									
-1.042	-1.042	-0.814	-0.814									
-1.046	-1.046	-0.847	-0.847									
-1.046	-1.046	-0.86	-0.86									
-1.038	-1.038	-0.854	-0.854									
-1.023	-1.023	-0.843	-0.843									
-1.018	-1.018	-0.837	-0.837									
-1.018	-1.018	-0.846	-0.846									
-1.033	-1.033	-0.877	-0.877									
-1.032	-1.032	-0.881	-0.881									
-1.032	-1.032	-0.879	-0.879									
-1.032	-1.032	-0.863	-0.863									
-1.025	-1.025	-0.854	-0.854									
-1.049	-1.049	-0.969	-0.969									
-1.046	-1.046	-0.948	-0.948									
-1.047	-1.047	-0.952	-0.952									
-1.044	-1.044	-0.941	-0.941									
-1	-1	6.455	6.455									
-1.006	-1.006	6.716	6.716									
-0.996	-0.996	6.961	6.961									
-1.039	-1.039	-0.954	-0.954									
-1.038	-1.038	-0.936	-0.936									
-0.994	-0.994	6.937	6.937									
-1.035	-1.035	-0.681	-0.681									
-1.032	-1.032	-0.615	-0.615									
-1.033	-1.033	-0.626	-0.626									
-1.041	-1.041	-0.686	-0.686									
-1.033	-1.033	-0.624	-0.624									
-1.016	-1.016	-0.587	-0.587									
-1.017	-1.017	-0.595	-0.595									
-1.007	-1.007	-0.576	-0.576									
-1.034	-1.034	-0.629	-0.629									
-1.03	-1.03	-0.623	-0.623									
-1.03	-1.03	-0.626	-0.626									
-1.04	-1.04	-0.658	-0.658									
-0.985	-0.985	6.83	6.83									
-1.026	-1.026	-0.615	-0.615									
-1.027	-1.027	-0.621	-0.621									
-1.025	-1.025	-0.636	-0.636									
-1.03	-1.03	-0.65	-0.65									
-1.025	-1.025	-0.634	-0.634									
-1.034	-1.034	-0.644	-0.644									
-1.021	-1.021	-0.672	-0.672									
-1.02	-1.02	-0.712	-0.712									
-1.026	-1.026	-0.646	-0.646									
-1.027	-1.027	-0.651	-0.651									
-1.026	-1.026	-0.666	-0.666									
-1.022	-1.022	-0.642	-0.642									
-1.023	-1.023	-0.629	-0.629									
-1.014	-1.014	-0.615	-0.615									
-1.023	-1.023	-0.62	-0.62									
-1.028	-1.028	-0.633	-0.633									
-1.037	-1.037	-0.637	-0.637									
-1.041	-1.041	-0.634	-0.634									
-1.042	-1.042	-0.648	-0.648									
-1.026	-1.026	-0.639	-0.639									
-1.026	-1.026	-0.655	-0.655									
-1.042	-1.042	-0.623	-0.623									
-1.037	-1.037	-0.593	-0.593									
-1.036	-1.036	-0.586	-0.586									
-1.03	-1.03	-0.579	-0.579									
-1.031	-1.031	-0.569	-0.569									
-1.036	-1.036	-0.582	-0.582									
-1.036	-1.036	-0.581	-0.581									
-1.039	-1.039	-0.584	-0.584									
-1.045	-1.045	-0.605	-0.605									
-1.034	-1.034	-0.568	-0.568									
-1.056	-1.056	-0.761	-0.761									
-1.04	-1.04	-0.748	-0.748									
-1.039	-1.039	-0.748	-0.748									
-0.997	-0.997	6.93	6.93									
-1.036	-1.036	-0.646	-0.646									
-1.007	-1.007	-0.578	-0.578									
0	0	0	0									
-0.002	-0.002	0.002	0.002									
-0.008	-0.008	-0.006	-0.006									
-0.056	-0.056	-0.041	-0.041									
-0.064	-0.064	-0.048	-0.048									
-0.022	-0.022	-0.016	-0.016									
-0.016	-0.016	-0.01	-0.01									
-0.133	-0.133	-3.378	-3.378									
-0.247	-0.247	-2.746	-2.746									
-0.362	-0.362	-1.952	-1.952									
-0.019	-0.019	-0.01	-0.01									
-0.013	-0.013	-0.004	-0.004									
0.001	0.001	0.012	0.012									
-0.003	-0.003	0.013	0.013									
-0.003	-0.003	0.042	0.042									
-0.008	-0.008	0.014	0.014									
-0.038	-0.038	0.025	0.025									
-0.008	-0.008	0.049	0.049									
-0.001	-0.001	0.057	0.057									
-0.006	-0.006	0.152	0.152									
-0.024	-0.024	0.211	0.211									
-0.057	-0.057	0.271	0.271									
-0.128	-0.128	0.364	0.364									
-0.118	-0.118	0.403	0.403									
-0.244	-0.244	0.429	0.429									
-0.262	-0.262	-2.27	-2.27									
-0.049	-0.049	0.305	0.305									
-0.024	-0.024	0.274	0.274									
-0.011	-0.011	0.236	0.236									
-0.102	-0.102	-3.609	-3.609									
-0.013	-0.013	0.222	0.222									
-0.042	-0.042	0.275	0.275									
0.005	0.005	0.022	0.022									
-0.005	-0.005	-0.007	-0.007									
0.001	0.001	-0.006	-0.006									
0.001	0.001	-0.005	-0.005									
-0.013	-0.013	-0.022	-0.022									
-0.07	-0.07	-3.737	-3.737									
0.019	0.019	0.069	0.069									
0.023	0.023	0.111	0.111									
0.031	0.031	0.15	0.15									
0.008	0.008	0.224	0.224									
0.01	0.01	0.153	0.153									
-0.011	-0.011	0.354	0.354									
-0.034	-0.034	0.415	0.415									
-0.076	-0.076	0.441	0.441									
-0.109	-0.109	0.466	0.466									
-0.102	-0.102	0.429	0.429									
-0.12	-0.12	0.417	0.417									
-0.087	-0.087	0.41	0.41									
-0.046	-0.046	0.405	0.405									
-0.031	-0.031	0.408	0.408									
-0.017	-0.017	0.396	0.396									
-0.033	-0.033	0.369	0.369									
-0.032	-0.032	0.362	0.362									
-0.033	-0.033	0.365	0.365									
-0.049	-0.049	0.387	0.387									
-0.035	-0.035	0.391	0.391									
-0.081	-0.081	0.223	0.223									
-0.134	-0.134	0.334	0.334									
-0.148	-0.148	0.329	0.329									
-0.138	-0.138	0.366	0.366									
-0.12	-0.12	-3.384	-3.384									
-0.146	-0.146	-3.039	-3.039									
-0.194	-0.194	-2.436	-2.436									
-0.211	-0.211	0.461	0.461									
-0.162	-0.162	0.426	0.426									
-0.183	-0.183	-2.325	-2.325									
-0.231	-0.231	0.684	0.684									
-0.115	-0.115	0.676	0.676									
-0.112	-0.112	0.655	0.655									
-0.105	-0.105	0.543	0.543									
-0.11	-0.11	0.656	0.656									
-0.099	-0.099	0.684	0.684									
-0.115	-0.115	0.68	0.68									
-0.098	-0.098	0.67	0.67									
-0.158	-0.158	0.642	0.642									
-0.152	-0.152	0.64	0.64									
-0.157	-0.157	0.633	0.633									
-0.198	-0.198	0.603	0.603									
-0.183	-0.183	-2.34	-2.34									
-0.144	-0.144	0.636	0.636									
-0.152	-0.152	0.632	0.632									
-0.174	-0.174	0.619	0.619									
-0.191	-0.191	0.613	0.613									
-0.171	-0.171	0.62	0.62									
-0.178	-0.178	0.623	0.623									
-0.229	-0.229	0.587	0.587									
-0.288	-0.288	0.555	0.555									
-0.188	-0.188	0.609	0.609									
-0.195	-0.195	0.607	0.607									
-0.217	-0.217	0.595	0.595									
-0.185	-0.185	0.607	0.607									
-0.167	-0.167	0.617	0.617									
-0.152	-0.152	0.619	0.619									
-0.153	-0.153	0.624	0.624									
-0.169	-0.169	0.615	0.615									
-0.169	-0.169	0.619	0.619									
-0.161	-0.161	0.628	0.628									
-0.179	-0.179	0.622	0.622									
-0.179	-0.179	0.613	0.613									
-0.202	-0.202	0.602	0.602									
-0.142	-0.142	0.641	0.641									
-0.103	-0.103	0.657	0.657									
-0.093	-0.093	0.662	0.662									
-0.088	-0.088	0.66	0.66									
-0.071	-0.071	0.669	0.669									
-0.088	-0.088	0.664	0.664									
-0.086	-0.086	0.665	0.665									
-0.088	-0.088	0.666	0.666									
-0.114	-0.114	0.657	0.657									
-0.068	-0.068	0.673	0.673									
-0.037	-0.037	0.058	0.058									
-0.036	-0.036	0.293	0.293									
-0.036	-0.036	0.296	0.296									
-0.176	-0.176	-2.38	-2.38									
0.012	0.012	0.012	0.012									
-0.099	-0.099	0.675	0.675									
                  Bus Voltage Magnitudes												
1st Eig	2nd Eig	3rd Eig	4th Eig									
1.034	1.034	0.636	0.636									
1.04	1.04	0.645	0.645									
1.039	1.039	0.637	0.637									
1.061	1.061	0.635	0.635									
1.057	1.057	0.63	0.63									
1.054	1.054	0.643	0.643									
1.052	1.052	0.648	0.648									
1.038	1.038	6.967	6.967									
1.055	1.055	7.081	7.081									
1.045	1.045	7.018	7.018									
1.047	1.047	0.647	0.647									
1.051	1.051	0.656	0.656									
1.035	1.035	0.661	0.661									
1.05	1.05	0.679	0.679									
1.048	1.048	0.745	0.745									
1.046	1.046	0.684	0.684									
1.058	1.058	0.762	0.762									
1.051	1.051	0.756	0.756									
1.048	1.048	0.753	0.753									
1.038	1.038	0.756	0.756									
1.033	1.033	0.768	0.768									
1.037	1.037	0.793	0.793									
1.051	1.051	0.858	0.858									
1.05	1.05	0.859	0.859									
1.061	1.061	0.96	0.96									
1.03	1.03	7.447	7.447									
1.045	1.045	0.815	0.815									
1.038	1.038	0.793	0.793									
1.038	1.038	0.779	0.779									
1.022	1.022	7.041	7.041									
1.041	1.041	0.778	0.778									
1.045	1.045	0.801	0.801									
1.046	1.046	0.768	0.768									
1.058	1.058	0.807	0.807									
1.055	1.055	0.806	0.806									
1.056	1.056	0.806	0.806									
1.059	1.059	0.809	0.809									
1.005	1.005	6.952	6.952									
1.046	1.046	0.803	0.803									
1.048	1.048	0.81	0.81									
1.042	1.042	0.81	0.81									
1.048	1.048	0.835	0.835									
1.042	1.042	0.815	0.815									
1.033	1.033	0.871	0.871									
1.028	1.028	0.898	0.898									
1.041	1.041	0.925	0.925									
1.048	1.048	0.938	0.938									
1.051	1.051	0.95	0.95									
1.053	1.053	0.956	0.956									
1.042	1.042	0.948	0.948									
1.024	1.024	0.936	0.936									
1.019	1.019	0.932	0.932									
1.018	1.018	0.934	0.934									
1.033	1.033	0.951	0.951									
1.033	1.033	0.953	0.953									
1.033	1.033	0.952	0.952									
1.033	1.033	0.946	0.946									
1.025	1.025	0.94	0.94									
1.052	1.052	0.995	0.995									
1.055	1.055	1.005	1.005									
1.057	1.057	1.008	1.008									
1.053	1.053	1.01	1.01									
1.008	1.008	7.288	7.288									
1.017	1.017	7.372	7.372									
1.015	1.015	7.375	7.375									
1.06	1.06	1.06	1.06									
1.05	1.05	1.028	1.028									
1.011	1.011	7.316	7.316									
1.06	1.06	0.965	0.965									
1.038	1.038	0.914	0.914									
1.039	1.039	0.906	0.906									
1.046	1.046	0.875	0.875									
1.039	1.039	0.906	0.906									
1.021	1.021	0.901	0.901									
1.023	1.023	0.904	0.904									
1.011	1.011	0.883	0.883									
1.046	1.046	0.899	0.899									
1.041	1.041	0.893	0.893									
1.042	1.042	0.89	0.89									
1.059	1.059	0.893	0.893									
1.002	1.002	7.22	7.22									
1.036	1.036	0.885	0.885									
1.038	1.038	0.886	0.886									
1.04	1.04	0.888	0.888									
1.048	1.048	0.894	0.894									
1.039	1.039	0.887	0.887									
1.05	1.05	0.896	0.896									
1.047	1.047	0.892	0.892									
1.06	1.06	0.902	0.902									
1.043	1.043	0.888	0.888									
1.045	1.045	0.89	0.89									
1.049	1.049	0.893	0.893									
1.039	1.039	0.884	0.884									
1.037	1.037	0.881	0.881									
1.025	1.025	0.872	0.872									
1.034	1.034	0.88	0.88									
1.042	1.042	0.882	0.882									
1.05	1.05	0.888	0.888									
1.053	1.053	0.893	0.893									
1.058	1.058	0.898	0.898									
1.042	1.042	0.885	0.885									
1.046	1.046	0.889	0.889									
1.052	1.052	0.894	0.894									
1.042	1.042	0.885	0.885									
1.04	1.04	0.884	0.884									
1.034	1.034	0.878	0.878									
1.034	1.034	0.879	0.879									
1.039	1.039	0.883	0.883									
1.039	1.039	0.883	0.883									
1.043	1.043	0.886	0.886									
1.051	1.051	0.893	0.893									
1.036	1.036	0.88	0.88									
1.056	1.056	0.763	0.763									
1.04	1.04	0.803	0.803									
1.04	1.04	0.804	0.804									
1.012	1.012	7.327	7.327									
1.036	1.036	0.647	0.647									
1.012	1.012	0.889	0.889									
                   Real Power Injections												
1st Eig	2nd Eig	3rd Eig	4th Eig									
-0.24	-0.24	-0.09	-0.09									
-0.201	-0.201	-0.077	-0.077									
-0.391	-0.391	-0.153	-0.153									
-0.379	-0.379	-0.159	-0.159									
0.144	0.144	-90.401	-90.401									
-0.512	-0.512	-0.181	-0.181									
-0.191	-0.191	-0.081	-0.081									
-0.393	-0.393	-52.866	-52.866									
0	0	-0.025	-0.025									
3.945	3.945	177.813	177.813									
-0.702	-0.702	-0.251	-0.251									
0.384	0.384	0.16	0.16									
-0.341	-0.341	-0.137	-0.137									
-0.14	-0.14	-0.057	-0.057									
-0.684	-0.684	-0.348	-0.348									
-0.251	-0.251	-0.113	-0.113									
-0.006	-0.006	-67.283	-67.283									
-0.46	-0.46	-0.235	-0.235									
-0.228	-0.228	0.046	0.046									
-0.181	-0.181	-0.102	-0.102									
-0.14	-0.14	-0.082	-0.082									
-0.1	-0.1	-0.072	-0.072									
-0.07	-0.07	0.063	0.063									
-0.127	-0.127	0.608	0.608									
2.012	2.012	29.53	29.53									
2.662	2.662	111.846	111.846									
-0.603	-0.603	-0.215	-0.215									
-0.171	-0.171	-0.059	-0.059									
-0.241	-0.241	-0.057	-0.057									
-0.075	-0.075	-70.797	-70.797									
-0.358	-0.358	-0.208	-0.208									
-0.434	-0.434	-0.144	-0.144									
-0.231	-0.231	-0.135	-0.135									
-0.538	-0.538	-0.259	-0.259									
-0.331	-0.331	-0.192	-0.192									
-0.196	-0.196	-0.143	-0.143									
0.113	0.113	-86.869	-86.869									
-0.085	-0.085	-56.838	-56.838									
-0.271	-0.271	-0.158	-0.158									
-0.163	-0.163	-0.009	-0.009									
-0.371	-0.371	-0.234	-0.234									
-0.542	-0.542	-0.034	-0.034									
-0.18	-0.18	-0.105	-0.105									
-0.16	-0.16	-0.118	-0.118									
-0.53	-0.53	-0.582	-0.582									
-0.089	-0.089	-0.079	-0.079									
-0.34	-0.34	-0.272	-0.272									
-0.2	-0.2	-0.165	-0.165									
1.059	1.059	0.991	0.991									
-0.17	-0.17	-0.138	-0.138									
-0.17	-0.17	-0.14	-0.14									
-0.18	-0.18	-0.191	-0.191									
-0.23	-0.23	-0.219	-0.219									
-0.642	-0.642	-0.602	-0.602									
-0.295	-0.295	-0.381	-0.381									
-0.499	-0.499	-0.428	-0.428									
-0.12	-0.12	-0.1	-0.1									
-0.12	-0.12	-0.104	-0.104									
-1.169	-1.169	-45.515	-45.515									
-0.78	-0.78	-0.658	-0.658									
1.627	1.627	-25.022	-25.022									
-0.765	-0.765	-0.722	-0.722									
-0.069	-0.069	-106.795	-106.795									
-0.148	-0.148	25.719	25.719									
3.341	3.341	212.604	212.604									
3.171	3.171	25.64	25.64									
-0.28	-0.28	-0.273	-0.273									
-0.118	-0.118	65.786	65.786									
4.594	4.594	91.137	91.137									
-0.655	-0.655	-1.183	-1.183									
0	0	0	0									
-0.117	-0.117	-0.074	-0.074									
-0.056	-0.056	-0.042	-0.042									
-0.498	-0.498	-0.388	-0.388									
-0.471	-0.471	-0.41	-0.41									
-0.437	-0.437	-0.329	-0.329									
-0.601	-0.601	-0.412	-0.412									
-0.711	-0.711	-0.555	-0.555									
-0.39	-0.39	-0.278	-0.278									
3.032	3.032	77.073	77.073									
-0.072	-0.072	-94.606	-94.606									
-0.54	-0.54	-0.401	-0.401									
-0.2	-0.2	-0.144	-0.144									
-0.11	-0.11	-0.08	-0.08									
-0.237	-0.237	-0.181	-0.181									
-0.21	-0.21	-0.153	-0.153									
0.037	0.037	0.027	0.027									
-0.48	-0.48	-0.348	-0.348									
4.995	4.995	3.626	3.626									
-1.627	-1.627	-1.179	-1.179									
-0.099	-0.099	-0.071	-0.071									
-0.648	-0.648	-0.469	-0.469									
-0.12	-0.12	-0.087	-0.087									
-0.3	-0.3	-0.217	-0.217									
-0.42	-0.42	-0.304	-0.304									
-0.38	-0.38	-0.293	-0.293									
-0.15	-0.15	-0.106	-0.106									
-0.34	-0.34	-0.243	-0.243									
-0.418	-0.418	-0.3	-0.3									
1.934	1.934	1.389	1.389									
-0.22	-0.22	-0.159	-0.159									
-0.05	-0.05	-0.036	-0.036									
0.151	0.151	0.11	0.11									
-0.373	-0.373	-0.269	-0.269									
-0.246	-0.246	-0.178	-0.178									
-0.431	-0.431	-0.311	-0.311									
-0.204	-0.204	-0.147	-0.147									
-0.02	-0.02	-0.014	-0.014									
-0.08	-0.08	-0.058	-0.058									
-0.309	-0.309	-0.223	-0.223									
0.35	0.35	0.253	0.253									
-0.314	-0.314	-0.226	-0.226									
-0.054	-0.054	-0.026	-0.026									
-0.08	-0.08	-0.048	-0.048									
-0.221	-0.221	-0.133	-0.133									
-1.816	-1.816	-95.124	-95.124									
-0.201	-0.201	-0.078	-0.078									
-0.331	-0.331	-0.256	-0.256									
               Reactive Power Injections												
1st Eig	2nd Eig	3rd Eig	4th Eig									
-0.121	-0.121	-0.045	-0.045									
-0.091	-0.091	-0.035	-0.035									
-0.101	-0.101	-0.009	-0.009									
0.751	0.751	0.337	0.337									
-0.122	-0.122	153.317	153.317									
0.162	0.162	0.064	0.064									
-0.02	-0.02	0.016	0.016									
-0.717	-0.717	1957.252	1957.252									
-0.001	-0.001	0.099	0.099									
-1.07	-1.07	-48.086	-48.086									
-0.231	-0.231	-0.074	-0.074									
0.46	0.46	0.168	0.168									
-0.161	-0.161	-0.065	-0.065									
-0.01	-0.01	-0.003	-0.003									
-0.018	-0.018	-0.015	-0.015									
-0.101	-0.101	-0.046	-0.046									
-0.128	-0.128	140.895	140.895									
0.038	0.038	0.023	0.023									
-0.038	-0.038	-0.023	-0.023									
-0.03	-0.03	-0.017	-0.017									
-0.081	-0.081	-0.066	-0.066									
-0.05	-0.05	-0.081	-0.081									
-0.03	-0.03	-0.425	-0.425									
-0.037	-0.037	-0.016	-0.016									
-0.587	-0.587	218.848	218.848									
-0.063	-0.063	1780.821	1780.821									
0.117	0.117	-0.246	-0.246									
-0.071	-0.071	-0.069	-0.069									
-0.04	-0.04	-0.047	-0.047									
-0.427	-0.427	1484.831	1484.831									
0.034	0.034	0.052	0.052									
0.025	0.025	-0.076	-0.076									
-0.09	-0.09	-0.051	-0.051									
-0.078	-0.078	-0.028	-0.028									
-0.09	-0.09	-0.05	-0.05									
0.061	0.061	0.031	0.031									
-0.104	-0.104	150.282	150.282									
-0.448	-0.448	1558.101	1558.101									
-0.11	-0.11	-0.042	-0.042									
0.128	0.128	0.089	0.089									
-0.1	-0.1	-0.062	-0.062									
0.034	0.034	-0.236	-0.236									
-0.07	-0.07	-0.005	-0.005									
-0.08	-0.08	-0.05	-0.05									
-0.221	-0.221	-0.117	-0.117									
-0.151	-0.151	-0.137	-0.137									
0	0	-0.086	-0.086									
-0.11	-0.11	-0.082	-0.082									
-0.002	-0.002	-0.964	-0.964									
-0.04	-0.04	-0.054	-0.054									
-0.08	-0.08	-0.098	-0.098									
-0.05	-0.05	-0.049	-0.049									
-0.111	-0.111	-0.092	-0.092									
0.024	0.024	-0.011	-0.011									
-0.037	-0.037	-0.016	-0.016									
-0.067	-0.067	-0.011	-0.011									
-0.03	-0.03	-0.038	-0.038									
-0.03	-0.03	-0.025	-0.025									
0.208	0.208	214.54	214.54									
-0.031	-0.031	-0.073	-0.073									
0.973	0.973	318.118	318.118									
-0.052	-0.052	-0.087	-0.087									
-0.477	-0.477	1664.581	1664.581									
-0.671	-0.671	2396.353	2396.353									
-0.185	-0.185	1908.87	1908.87									
-0.984	-0.984	257.872	257.872									
-0.07	-0.07	-0.109	-0.109									
-0.486	-0.486	1768.912	1768.912									
-0.982	-0.982	209.544	209.544									
0.03	0.03	0.243	0.243									
0	0	0	0									
-0.001	-0.001	0.014	0.014									
-0.009	-0.009	-0.006	-0.006									
-0.178	-0.178	-0.137	-0.137									
-0.11	-0.11	-0.092	-0.092									
-0.128	-0.128	-0.092	-0.092									
0.397	0.397	0.249	0.249									
-0.26	-0.26	-0.156	-0.156									
-0.32	-0.32	-0.224	-0.224									
-0.081	-0.081	191.757	191.757									
-0.483	-0.483	1728.306	1728.306									
-0.27	-0.27	-0.19	-0.19									
-0.1	-0.1	-0.073	-0.073									
-0.07	-0.07	-0.051	-0.051									
0.076	0.076	0.066	0.066									
-0.1	-0.1	-0.073	-0.073									
0.025	0.025	0.02	0.02									
-0.101	-0.101	-0.071	-0.071									
-0.216	-0.216	-0.159	-0.159									
0.089	0.089	0.065	0.065									
0.002	0.002	0.002	0.002									
-0.013	-0.013	-0.012	-0.012									
-0.07	-0.07	-0.05	-0.05									
-0.16	-0.16	-0.115	-0.115									
-0.31	-0.31	-0.224	-0.224									
-0.15	-0.15	-0.08	-0.08									
-0.09	-0.09	-0.062	-0.062									
-0.08	-0.08	-0.056	-0.056									
-0.037	-0.037	-0.026	-0.026									
0.275	0.275	0.206	0.206									
-0.15	-0.15	-0.108	-0.108									
-0.03	-0.03	-0.021	-0.021									
-0.006	-0.006	-0.004	-0.004									
-0.032	-0.032	-0.023	-0.023									
-0.161	-0.161	-0.115	-0.115									
-0.161	-0.161	-0.115	-0.115									
-0.08	-0.08	-0.057	-0.057									
-0.01	-0.01	-0.007	-0.007									
-0.03	-0.03	-0.021	-0.021									
-0.095	-0.095	-0.068	-0.068									
0.003	0.003	0.002	0.002									
-0.021	-0.021	-0.015	-0.015									
0.009	0.009	0.027	0.027									
-0.03	-0.03	-0.016	-0.016									
-0.071	-0.071	-0.044	-0.044									
0.451	0.451	23.744	23.744									
-0.081	-0.081	-0.031	-0.031									
-0.15	-0.15	-0.117	-0.117									
                          Real Power LMP												
1st Eig	2nd Eig	3rd Eig	4th Eig									
40.538	40.538	40.838	40.838									
40.508	40.508	40.508	40.508									
40.321	40.321	40.321	40.321									
39.372	39.372	39.812	39.812									
39.242	39.242	39.242	39.242									
39.992	39.992	40.654	40.654									
40.108	40.108	40.108	40.108									
39.02	39.02	-65.927	-65.927									
38.577	38.577	38.577	38.577									
37.535	37.535	810.28	810.28									
40.15	40.15	40.15	40.15									
40.104	40.104	34.821	34.821									
40.66	40.66	40.66	40.66									
40.429	40.429	40.429	40.429									
40.431	40.431	41.103	41.103									
40.309	40.309	40.309	40.309									
39.692	39.692	39.692	39.692									
40.277	40.277	40.727	40.727									
40.443	40.443	40.99	40.99									
40.555	40.555	40.555	40.555									
40.383	40.383	40.383	40.383									
39.961	39.961	39.961	39.961									
39.034	39.034	39.034	39.034									
39.331	39.331	40.801	40.801									
38.291	38.291	288.451	288.451									
36.953	36.953	732.395	732.395									
40.21	40.21	40.987	40.987									
40.619	40.619	40.619	40.619									
40.825	40.825	40.825	40.825									
39.474	39.474	39.474	39.474									
40.662	40.662	83.41	83.41									
40.31	40.31	40.89	40.89									
40.535	40.535	40.535	40.535									
40.099	40.099	40.657	40.657									
40.223	40.223	40.223	40.223									
40.226	40.226	40.331	40.331									
39.932	39.932	39.932	39.932									
39.685	39.685	39.685	39.685									
40.849	40.849	40.849	40.849									
40.995	40.995	41.303	41.303									
41.266	41.266	41.266	41.266									
40.836	40.836	41.853	41.853									
40.867	40.867	40.867	40.867									
41.158	41.158	41.158	41.158									
40.987	40.987	40.987	40.987									
40.106	40.106	41.201	41.201									
39.411	39.411	39.411	39.411									
39.456	39.456	39.456	39.456									
38.915	38.915	38.248	38.248									
39.744	39.744	39.744	39.744									
40.704	40.704	40.704	40.704									
41.058	41.058	41.058	41.058									
41.132	41.132	41.132	41.132									
40.314	40.314	42.013	42.013									
40.67	40.67	40.498	40.498									
40.681	40.681	40.825	40.825									
40.471	40.471	40.471	40.471									
40.834	40.834	40.834	40.834									
40.659	40.659	-531.551	-531.551									
38.801	38.801	38.801	38.801									
40.341	40.341	-292.777	-292.777									
38.809	38.809	38.895	38.895									
39.019	39.019	39.019	39.019									
38.653	38.653	38.653	38.653									
37.09	37.09	1107.488	1107.488									
38.167	38.167	152.805	152.805									
38.529	38.529	38.529	38.529									
38.011	38.011	38.011	38.011									
37.793	37.793	372.97	372.97									
39.767	39.767	38.71	38.71									
39.79	39.79	39.79	39.79									
39.77	39.77	39.854	39.854									
39.831	39.831	39.859	39.859									
40.362	40.362	40.581	40.581									
40.077	40.077	40.077	40.077									
40.485	40.485	40.701	40.701									
39.028	39.028	39.405	39.405									
39.116	39.116	39.116	39.116									
38.974	38.974	38.974	38.974									
38.165	38.165	348.607	348.607									
38.053	38.053	38.053	38.053									
39.206	39.206	39.206	39.206									
38.984	38.984	38.984	38.984									
38.387	38.387	38.387	38.387									
37.87	37.87	37.983	37.983									
38.296	38.296	38.296	38.296									
38.431	38.431	33.505	33.505									
37.408	37.408	37.408	37.408									
36.457	36.457	31.948	31.948									
38.394	38.394	39.291	39.291									
38.222	38.222	38.277	38.277									
37.704	37.704	38.063	38.063									
38.351	38.351	38.351	38.351									
38.73	38.73	38.73	38.73									
39.076	39.076	39.076	39.076									
38.978	38.978	38.978	38.978									
38.659	38.659	38.659	38.659									
38.596	38.596	38.596	38.596									
38.714	38.714	38.95	38.95									
38.287	38.287	33.963	33.963									
38.376	38.376	38.376	38.376									
37.953	37.953	37.953	37.953									
39.061	39.061	36.978	36.978									
39.927	39.927	40.135	40.135									
40.122	40.122	40.259	40.259									
40.246	40.246	40.246	40.246									
40.591	40.591	40.705	40.705									
40.229	40.229	40.229	40.229									
40.254	40.254	40.254	40.254									
40.157	40.157	40.329	40.329									
39.462	39.462	34.068	34.068									
40.732	40.732	40.907	40.907									
39.81	39.81	39.865	39.865									
40.431	40.431	40.431	40.431									
40.438	40.438	40.438	40.438									
38.1	38.1	-148.516	-148.516									
40.704	40.704	40.704	40.704									
40.476	40.476	40.476	40.476									
                      Reactive Power LMP												
1st Eig	2nd Eig	3rd Eig	4th Eig									
0.278	0.278	0.278	0.278									
0.168	0.168	0.168	0.168									
0.225	0.225	0.225	0.225									
0	0	0	0									
0.083	0.083	0.083	0.083									
0.003	0.003	0.003	0.003									
0.014	0.014	0.014	0.014									
0	0	0	0									
-0.15	-0.15	-0.15	-0.15									
-0.001	-0.001	-0.001	-0.001									
0.105	0.105	0.105	0.105									
0	0	0	0									
0.247	0.247	0.247	0.247									
-0.035	-0.035	-0.035	-0.035									
0.013	0.013	0.013	0.013									
0.085	0.085	0.085	0.085									
0.022	0.022	0.022	0.022									
0.003	0.003	0.003	0.003									
0.011	0.011	0.011	0.011									
0.082	0.082	0.082	0.082									
0.135	0.135	0.135	0.135									
0.101	0.101	0.101	0.101									
0.043	0.043	0.043	0.043									
0	0	0	0									
-0.114	-0.114	-0.114	-0.114									
0	0	0	0									
0	0	0	0									
0.065	0.065	0.065	0.065									
0.04	0.04	0.04	0.04									
0.031	0.031	0.031	0.031									
0	0	0	0									
0.002	0.002	0.002	0.002									
0.162	0.162	0.162	0.162									
0.006	0.006	0.006	0.006									
0.041	0.041	0.041	0.041									
0.023	0.023	0.023	0.023									
0.027	0.027	0.027	0.027									
0.078	0.078	0.078	0.078									
0.097	0.097	0.097	0.097									
0	0	0	0									
0.067	0.067	0.067	0.067									
0	0	0	0									
0.028	0.028	0.028	0.028									
-0.018	-0.018	-0.018	-0.018									
0.084	0.084	0.084	0.084									
0	0	0	0									
-0.046	-0.046	-0.046	-0.046									
-0.05	-0.05	-0.05	-0.05									
0	0	0	0									
0.067	0.067	0.067	0.067									
0.244	0.244	0.244	0.244									
0.303	0.303	0.303	0.303									
0.23	0.23	0.23	0.23									
0	0	0	0									
0.006	0.006	0.006	0.006									
0.006	0.006	0.006	0.006									
0.058	0.058	0.058	0.058									
0.131	0.131	0.131	0.131									
0.001	0.001	0.001	0.001									
0.002	0.002	0.002	0.002									
0	0	0	0									
0.002	0.002	0.002	0.002									
0.027	0.027	0.027	0.027									
-0.003	-0.003	-0.003	-0.003									
0	0	0	0									
-0.14	-0.14	-0.14	-0.14									
-0.017	-0.017	-0.017	-0.017									
0.013	0.013	0.013	0.013									
0	0	0	0									
0.004	0.004	0.004	0.004									
-0.005	-0.005	-0.005	-0.005									
0	0	0	0									
0	0	0	0									
0.232	0.232	0.232	0.232									
0.262	0.262	0.262	0.262									
0.434	0.434	0.434	0.434									
0.01	0.01	0.01	0.01									
0.078	0.078	0.078	0.078									
0.094	0.094	0.094	0.094									
0	0	0	0									
0.042	0.042	0.042	0.042									
0.102	0.102	0.102	0.102									
0.058	0.058	0.058	0.058									
0.095	0.095	0.095	0.095									
0.044	0.044	0.044	0.044									
0.1	0.1	0.1	0.1									
-0.001	-0.001	-0.001	-0.001									
0.093	0.093	0.093	0.093									
0	0	0	0									
0	0	0	0									
0	0	0	0									
0.085	0.085	0.085	0.085									
0.235	0.235	0.235	0.235									
0.265	0.265	0.265	0.265									
0.432	0.432	0.432	0.432									
0.251	0.251	0.251	0.251									
0.18	0.18	0.18	0.18									
0.055	0.055	0.055	0.055									
0	0	0	0									
0	0	0	0									
0.162	0.162	0.162	0.162									
0.092	0.092	0.092	0.092									
0	0	0	0									
0.018	0.018	0.018	0.018									
0.001	0.001	0.001	0.001									
0.095	0.095	0.095	0.095									
0	0	0	0									
-0.014	-0.014	-0.014	-0.014									
0.003	0.003	0.003	0.003									
0.01	0.01	0.01	0.01									
-0.001	-0.001	-0.001	-0.001									
-0.001	-0.001	-0.001	-0.001									
0	0	0	0									
0.038	0.038	0.038	0.038									
0.041	0.041	0.041	0.041									
0	0	0	0									
0.16	0.16	0.16	0.16									
0.434	0.434	0.434	0.434									
                              Generation												
1st Eig	2nd Eig	3rd Eig	4th Eig									
0.27	0.27	0.42	0.42									
0	0	0	0									
0	0	0	0									
0.011	0.011	0.231	0.231									
0	0	0	0									
0.008	0.008	0.339	0.339									
0	0	0	0									
-0.113	-0.113	-52.586	-52.586									
0	0	0	0									
3.945	3.945	177.813	177.813									
0	0	0	0									
0.854	0.854	0.63	0.63									
0	0	0	0									
0	0	0	0									
0.216	0.216	0.552	0.552									
0	0	0	0									
0	0	0	0									
0.14	0.14	0.365	0.365									
0.222	0.222	0.496	0.496									
0	0	0	0									
0	0	0	0									
0	0	0	0									
0	0	0	0									
0.003	0.003	0.738	0.738									
2.012	2.012	29.53	29.53									
2.662	2.662	111.846	111.846									
0.107	0.107	0.495	0.495									
0	0	0	0									
0	0	0	0									
0	0	0	0									
0.072	0.072	0.222	0.222									
0.156	0.156	0.446	0.446									
0	0	0	0									
0.052	0.052	0.331	0.331									
0	0	0	0									
0.114	0.114	0.167	0.167									
0	0	0	0									
0	0	0	0									
0	0	0	0									
0.497	0.497	0.651	0.651									
0	0	0	0									
0.418	0.418	0.926	0.926									
0	0	0	0									
0	0	0	0									
0	0	0	0									
0.191	0.191	0.201	0.201									
0	0	0	0									
0	0	0	0									
1.929	1.929	1.861	1.861									
0	0	0	0									
0	0	0	0									
0	0	0	0									
0	0	0	0									
0.488	0.488	0.528	0.528									
0.335	0.335	0.249	0.249									
0.341	0.341	0.412	0.412									
0	0	0	0									
0	0	0	0									
1.601	1.601	-42.745	-42.745									
0	0	0	0									
1.627	1.627	-25.022	-25.022									
0.005	0.005	0.048	0.048									
0	0	0	0									
0	0	0	0									
3.341	3.341	212.604	212.604									
3.561	3.561	26.03	26.03									
0	0	0	0									
0	0	0	0									
4.594	4.594	91.137	91.137									
0.005	0.005	-0.523	-0.523									
0	0	0	0									
0.003	0.003	0.046	0.046									
0.004	0.004	0.018	0.018									
0.182	0.182	0.292	0.292									
0	0	0	0									
0.243	0.243	0.351	0.351									
0.009	0.009	0.198	0.198									
0	0	0	0									
0	0	0	0									
4.332	4.332	78.373	78.373									
0	0	0	0									
0	0	0	0									
0	0	0	0									
0	0	0	0									
0.003	0.003	0.059	0.059									
0	0	0	0									
0.037	0.037	0.027	0.027									
0	0	0	0									
4.995	4.995	3.626	3.626									
0.003	0.003	0.451	0.451									
0.001	0.001	0.029	0.029									
0.002	0.002	0.181	0.181									
0	0	0	0									
0	0	0	0									
0	0	0	0									
0	0	0	0									
0	0	0	0									
0	0	0	0									
0.002	0.002	0.12	0.12									
2.304	2.304	1.759	1.759									
0	0	0	0									
0	0	0	0									
0.381	0.381	0.34	0.34									
0.007	0.007	0.111	0.111									
0.064	0.064	0.132	0.132									
0	0	0	0									
0.296	0.296	0.353	0.353									
0	0	0	0									
0	0	0	0									
0.081	0.081	0.167	0.167									
0.35	0.35	0.253	0.253									
0.366	0.366	0.454	0.454									
0.006	0.006	0.034	0.034									
0	0	0	0									
0	0	0	0									
0.024	0.024	-93.284	-93.284									
0	0	0	0									
0	0	0	0									
     Flows												
From	 To	Line	 Lambda_lm	     mu_lm	    Flow(1st Eig)	    Flow(2nd Eig)	    Flow(3rd Eig)	    Flow(4th Eig)	   Volt_Ang(1st Eig)	   Volt_Ang(2nd Eig)	   Volt_Ang(3rd Eig)	   Volt_Ang(4th Eig)
1	2	1	0.003	0.013	-0.032	-0.032	-0.007	-0.007	0.09	0.09	0.14	0.14
1	3	2	0.003	0.013	-0.209	-0.209	-0.084	-0.084	0.437	0.437	0.535	0.535
2	1	3	0.003	0.013	0.032	0.032	0.007	0.007	0.09	0.09	0.14	0.14
2	12	4	0.003	0.013	-0.232	-0.232	-0.084	-0.084	0.635	0.635	0.494	0.494
3	1	5	0.003	0.013	0.209	0.209	0.084	0.084	0.437	0.437	0.535	0.535
3	5	6	0.003	0.013	-0.547	-0.547	-0.223	-0.223	3.036	3.036	3.794	3.794
3	12	7	0.003	0.013	-0.053	-0.053	-0.013	-0.013	0.289	0.289	0.182	0.182
4	5	8	0.002	0.013	-0.952	-0.952	-0.4	-0.4	0.452	0.452	0.587	0.587
4	11	9	0.003	0.013	0.573	0.573	0.241	0.241	1.977	1.977	2.818	2.818
5	3	10	0.003	0.013	0.554	0.554	0.227	0.227	3.036	3.036	3.794	3.794
5	4	11	0.004	0.013	0.954	0.954	0.401	0.401	0.452	0.452	0.587	0.587
5	6	12	0.003	0.013	0.8	0.8	0.334	0.334	2.283	2.283	2.926	2.926
5	8	13	0.001	0.013	-2.801	-2.801	-90.282	-90.282	3.907	3.907	33.33	33.33
5	11	14	0.003	0.013	0.679	0.679	0.286	0.286	2.429	2.429	3.404	3.404
6	5	15	0.002	0.013	-0.793	-0.793	-0.329	-0.329	2.283	2.283	2.926	2.926
6	7	16	0.003	0.013	0.281	0.281	0.148	0.148	0.295	0.295	0.536	0.536
7	6	17	0.003	0.013	-0.28	-0.28	-0.147	-0.147	0.295	0.295	0.536	0.536
7	12	18	0.003	0.013	0.101	0.101	0.071	0.071	0.17	0.17	0.513	0.513
8	5	19	0.006	0.013	2.801	2.801	90.282	90.282	3.907	3.907	33.33	33.33
8	9	20	0.001	0.013	-3.874	-3.874	-174.573	-174.573	6.188	6.188	6.188	6.188
8	30	21	0.003	0.013	0.638	0.638	30.061	30.061	1.673	1.673	1.832	1.832
9	8	22	0.007	0.013	3.908	3.908	176.105	176.105	6.188	6.188	6.188	6.188
9	10	23	0.001	0.013	-3.908	-3.908	-176.128	-176.128	6.668	6.668	6.668	6.668
10	9	24	0.007	0.013	3.945	3.945	177.8	177.8	6.668	6.668	6.668	6.668
11	4	25	0.002	0.013	-0.566	-0.566	-0.236	-0.236	1.977	1.977	2.818	2.818
11	5	26	0.002	0.013	-0.671	-0.671	-0.279	-0.279	2.429	2.429	3.404	3.404
11	12	27	0.003	0.013	0.224	0.224	0.116	0.116	0.319	0.319	0.571	0.571
11	13	28	0.003	0.013	0.312	0.312	0.148	0.148	1.113	1.113	1.963	1.963
12	2	29	0.003	0.013	0.233	0.233	0.085	0.085	0.635	0.635	0.494	0.494
12	3	30	0.003	0.013	0.053	0.053	0.014	0.014	0.289	0.289	0.182	0.182
12	7	31	0.003	0.013	-0.101	-0.101	-0.07	-0.07	0.17	0.17	0.513	0.513
12	11	32	0.003	0.013	-0.223	-0.223	-0.114	-0.114	0.319	0.319	0.571	0.571
12	14	33	0.003	0.013	0.145	0.145	0.086	0.086	0.559	0.559	1.452	1.452
12	16	34	0.003	0.013	0.075	0.075	0.08	0.08	0.273	0.273	1.508	1.508
12	117	35	0.003	0.013	0.202	0.202	0.078	0.078	1.374	1.374	1.374	1.374
13	11	36	0.003	0.013	-0.31	-0.31	-0.146	-0.146	1.113	1.113	1.963	1.963
13	15	37	0.003	0.013	-0.031	-0.031	0.009	0.009	0.219	0.219	2.232	2.232
14	12	38	0.003	0.013	-0.144	-0.144	-0.083	-0.083	0.559	0.559	1.452	1.452
14	15	39	0.003	0.013	0.004	0.004	0.026	0.026	0.017	0.017	2.172	2.172
15	13	40	0.003	0.013	0.031	0.031	0	0	0.219	0.219	2.232	2.232
15	14	41	0.003	0.013	-0.004	-0.004	-0.019	-0.019	0.017	0.017	2.172	2.172
15	17	42	0.002	0.013	-0.827	-0.827	-0.371	-0.371	1.895	1.895	1.407	1.407
15	19	43	0.003	0.013	0.034	0.034	0.193	0.193	0.073	0.073	1.042	1.042
15	33	44	0.003	0.013	0.07	0.07	-0.156	-0.156	0.45	0.45	1.6	1.6
16	12	45	0.003	0.013	-0.075	-0.075	-0.077	-0.077	0.273	0.273	1.508	1.508
16	17	46	0.003	0.013	-0.176	-0.176	-0.036	-0.036	1.592	1.592	0.709	0.709
17	15	47	0.004	0.013	0.835	0.835	0.374	0.374	1.895	1.895	1.407	1.407
17	16	48	0.003	0.013	0.177	0.177	0.044	0.044	1.592	1.592	0.709	0.709
17	18	49	0.003	0.013	0.614	0.614	0.365	0.365	1.601	1.601	1.837	1.837
17	30	50	0.002	0.013	-1.781	-1.781	-66.939	-66.939	3.663	3.663	28.968	28.968
17	31	51	0.003	0.013	0.179	0.179	0.894	0.894	1.305	1.305	14.707	14.707
17	113	52	0.003	0.013	0.044	0.044	0.775	0.775	0.053	0.053	2.532	2.532
18	17	53	0.003	0.013	-0.61	-0.61	-0.363	-0.363	1.601	1.601	1.837	1.837
18	19	54	0.003	0.013	0.15	0.15	0.127	0.127	0.367	0.367	0.612	0.612
19	15	55	0.003	0.013	-0.034	-0.034	-0.191	-0.191	0.073	0.073	1.042	1.042
19	18	56	0.003	0.013	-0.149	-0.149	-0.127	-0.127	0.367	0.367	0.612	0.612
19	20	57	0.003	0.013	-0.02	-0.02	0.595	0.595	0.254	0.254	7.299	7.299
19	34	58	0.003	0.013	-0.023	-0.023	-0.231	-0.231	0.169	0.169	4.797	4.797
20	19	59	0.003	0.013	0.021	0.021	-0.579	-0.579	0.254	0.254	7.299	7.299
20	21	60	0.003	0.013	-0.201	-0.201	0.477	0.477	1.008	1.008	4.335	4.335
21	20	61	0.003	0.013	0.202	0.202	-0.469	-0.469	1.008	1.008	4.335	4.335
21	22	62	0.003	0.013	-0.342	-0.342	0.387	0.387	1.828	1.828	4.07	4.07
22	21	63	0.003	0.013	0.345	0.345	-0.379	-0.379	1.828	1.828	4.07	4.07
22	23	64	0.003	0.013	-0.456	-0.456	0.301	0.301	3.843	3.843	5.1	5.1
23	22	65	0.003	0.013	0.462	0.462	-0.288	-0.288	3.843	3.843	5.1	5.1
23	24	66	0.003	0.013	0.203	0.203	0.693	0.693	0.537	0.537	2.856	2.856
23	25	67	0.002	0.013	-1.476	-1.476	0.037	0.037	6.278	6.278	1.403	1.403
23	32	68	0.003	0.013	0.751	0.751	-0.371	-0.371	4.71	4.71	5.02	5.02
24	23	69	0.003	0.013	-0.203	-0.203	-0.684	-0.684	0.537	0.537	2.856	2.856
24	70	70	0.003	0.013	0.004	0.004	0.645	0.645	0.088	0.088	19.743	19.743
24	72	71	0.003	0.013	0.072	0.072	0.648	0.648	0.72	0.72	10.368	10.368
25	23	72	0.004	0.013	1.508	1.508	-0.011	-0.011	6.278	6.278	1.403	1.403
25	26	73	0.002	0.013	-0.709	-0.709	28.55	28.55	1.421	1.421	8.774	8.774
25	27	74	0.004	0.013	1.244	1.244	-0.2	-0.2	10.579	10.579	4.508	4.508
26	25	75	0.003	0.013	0.709	0.709	-28.55	-28.55	1.421	1.421	8.774	8.774
26	30	76	0.005	0.013	1.922	1.922	141.573	141.573	9.001	9.001	13.086	13.086
27	25	77	0.002	0.013	-1.2	-1.2	0.23	0.23	10.579	10.579	4.508	4.508
27	28	78	0.003	0.013	0.309	0.309	-0.183	-0.183	1.378	1.378	1.814	1.814
27	32	79	0.003	0.013	0.094	0.094	-0.222	-0.222	0.409	0.409	1.916	1.916
27	115	80	0.003	0.013	0.193	0.193	-0.04	-0.04	0.735	0.735	0.436	0.436
28	27	81	0.003	0.013	-0.308	-0.308	0.185	0.185	1.378	1.378	1.814	1.814
28	29	82	0.003	0.013	0.137	0.137	-0.244	-0.244	0.734	0.734	2.542	2.542
29	28	83	0.003	0.013	-0.137	-0.137	0.248	0.248	0.734	0.734	2.542	2.542
29	31	84	0.003	0.013	-0.104	-0.104	-0.305	-0.305	0.144	0.144	1.085	1.085
30	8	85	0.002	0.013	-0.636	-0.636	-29.968	-29.968	1.673	1.673	1.832	1.832
30	17	86	0.004	0.013	1.781	1.781	66.939	66.939	3.663	3.663	28.968	28.968
30	26	87	0.002	0.013	-1.894	-1.894	-138.479	-138.479	9.001	9.001	13.086	13.086
30	38	88	0.003	0.013	0.59	0.59	27.445	27.445	1.701	1.701	1.683	1.683
31	17	89	0.003	0.013	-0.177	-0.177	-0.824	-0.824	1.305	1.305	14.707	14.707
31	29	90	0.003	0.013	0.104	0.104	0.307	0.307	0.144	0.144	1.085	1.085
31	32	91	0.003	0.013	-0.285	-0.285	0.309	0.309	1.56	1.56	3.526	3.526
32	23	92	0.002	0.013	-0.735	-0.735	0.39	0.39	4.71	4.71	5.02	5.02
32	27	93	0.003	0.013	-0.094	-0.094	0.226	0.226	0.409	0.409	1.916	1.916
32	31	94	0.003	0.013	0.287	0.287	-0.301	-0.301	1.56	1.56	3.526	3.526
32	113	95	0.003	0.013	0.01	0.01	-0.674	-0.674	0.308	0.308	15.701	15.701
32	114	96	0.003	0.013	0.108	0.108	0.222	0.222	0.315	0.315	1.301	1.301
33	15	97	0.003	0.013	-0.07	-0.07	0.159	0.159	0.45	0.45	1.6	1.6
33	37	98	0.003	0.013	-0.15	-0.15	-0.287	-0.287	0.981	0.981	3.253	3.253
34	19	99	0.003	0.013	0.024	0.024	0.239	0.239	0.169	0.169	4.797	4.797
34	36	100	0.003	0.013	0.22	0.22	0.063	0.063	0.306	0.306	0.144	0.144
34	37	101	0.002	0.013	-0.888	-0.888	-1.296	-1.296	0.435	0.435	1.099	1.099
34	43	102	0.003	0.013	0.107	0.107	0.734	0.734	0.779	0.779	11.343	11.343
35	36	103	0.003	0.013	-0.024	-0.024	0.081	0.081	0.005	0.005	0.081	0.081
35	37	104	0.003	0.013	-0.296	-0.296	-0.266	-0.266	0.745	0.745	1.162	1.162
36	34	105	0.003	0.013	-0.219	-0.219	-0.063	-0.063	0.306	0.306	0.144	0.144
36	35	106	0.003	0.013	0.024	0.024	-0.081	-0.081	0.005	0.005	0.081	0.081
37	33	107	0.003	0.013	0.151	0.151	0.294	0.294	0.981	0.981	3.253	3.253
37	34	108	0.003	0.013	0.89	0.89	1.302	1.302	0.435	0.435	1.099	1.099
37	35	109	0.003	0.013	0.297	0.297	0.267	0.267	0.745	0.745	1.162	1.162
37	38	110	0.002	0.013	-1.646	-1.646	-84.132	-84.132	3.326	3.326	34.098	34.098
37	39	111	0.003	0.013	0.325	0.325	0.665	0.665	1.717	1.717	6.545	6.545
37	40	112	0.003	0.013	0.221	0.221	0.588	0.588	1.935	1.935	9.482	9.482
38	30	113	0.002	0.013	-0.588	-0.588	-27.366	-27.366	1.701	1.701	1.683	1.683
38	37	114	0.004	0.013	1.646	1.646	84.132	84.132	3.326	3.326	34.098	34.098
38	65	115	0.002	0.013	-1.257	-1.257	-119.429	-119.429	7.022	7.022	13.224	13.224
39	37	116	0.003	0.013	-0.322	-0.322	-0.642	-0.642	1.717	1.717	6.545	6.545
39	40	117	0.003	0.013	0.051	0.051	0.485	0.485	0.218	0.218	2.937	2.937
40	37	118	0.003	0.013	-0.219	-0.219	-0.554	-0.554	1.935	1.935	9.482	9.482
40	39	119	0.003	0.013	-0.051	-0.051	-0.477	-0.477	0.218	0.218	2.937	2.937
40	41	120	0.003	0.013	0.196	0.196	0.599	0.599	0.435	0.435	2.757	2.757
40	42	121	0.003	0.013	-0.078	-0.078	0.43	0.43	0.822	0.822	7.673	7.673
41	40	122	0.003	0.013	-0.196	-0.196	-0.59	-0.59	0.435	0.435	2.757	2.757
41	42	123	0.003	0.013	-0.176	-0.176	0.356	0.356	1.257	1.257	4.916	4.916
42	40	124	0.003	0.013	0.079	0.079	-0.411	-0.411	0.822	0.822	7.673	7.673
42	41	125	0.003	0.013	0.177	0.177	-0.344	-0.344	1.257	1.257	4.916	4.916
42	49	126	0.003	0.013	-0.393	-0.393	0.364	0.364	6.975	6.975	10.311	10.311
43	34	127	0.003	0.013	-0.107	-0.107	-0.699	-0.699	0.779	0.779	11.343	11.343
43	44	128	0.003	0.013	-0.074	-0.074	0.594	0.594	1.142	1.142	13.148	13.148
44	43	129	0.003	0.013	0.074	0.074	-0.555	-0.555	1.142	1.142	13.148	13.148
44	45	130	0.003	0.013	-0.235	-0.235	0.438	0.438	1.288	1.288	3.477	3.477
45	44	131	0.003	0.013	0.236	0.236	-0.429	-0.429	1.288	1.288	3.477	3.477
45	46	132	0.003	0.013	-0.313	-0.313	0.049	0.049	2.286	2.286	0.982	0.982
45	49	133	0.003	0.013	-0.453	-0.453	-0.203	-0.203	4.645	4.645	1.602	1.602
46	45	134	0.003	0.013	0.317	0.317	-0.047	-0.047	2.286	2.286	0.982	0.982
46	47	135	0.003	0.013	-0.26	-0.26	0.12	0.12	1.784	1.784	1.324	1.324
46	48	136	0.003	0.013	-0.145	-0.145	-0.152	-0.152	1.411	1.411	1.592	1.592
47	46	137	0.003	0.013	0.263	0.263	-0.119	-0.119	1.784	1.784	1.324	1.324
47	49	138	0.003	0.013	-0.186	-0.186	-0.96	-0.96	0.576	0.576	3.908	3.908
47	69	139	0.003	0.013	-0.427	-0.427	0.796	0.796	6.616	6.616	15.364	15.364
48	46	140	0.003	0.013	0.146	0.146	0.154	0.154	1.411	1.411	1.592	1.592
48	49	141	0.003	0.013	-0.336	-0.336	-0.31	-0.31	0.948	0.948	0.992	0.992
49	42	142	0.003	0.013	0.404	0.404	-0.338	-0.338	6.975	6.975	10.311	10.311
49	45	143	0.003	0.013	0.467	0.467	0.209	0.209	4.645	4.645	1.602	1.602
49	47	144	0.003	0.013	0.187	0.187	0.98	0.98	0.576	0.576	3.908	3.908
49	48	145	0.003	0.013	0.337	0.337	0.312	0.312	0.948	0.948	0.992	0.992
49	50	146	0.003	0.013	0.452	0.452	-0.011	-0.011	1.769	1.769	0.229	0.229
49	51	147	0.003	0.013	0.563	0.563	0.022	0.022	3.996	3.996	0.217	0.217
49	54	148	0.003	0.013	0.31	0.31	-0.154	-0.154	4.698	4.698	3.081	3.081
49	66	149	0.002	0.013	-1.017	-1.017	-0.219	-0.219	4.957	4.957	0.079	0.079
49	69	150	0.003	0.013	-0.333	-0.333	0.897	0.897	6.04	6.04	19.272	19.272
50	49	151	0.003	0.013	-0.447	-0.447	0.012	0.012	1.769	1.769	0.229	0.229
50	57	152	0.003	0.013	0.277	0.277	-0.15	-0.15	2.045	2.045	1.486	1.486
51	49	153	0.003	0.013	-0.549	-0.549	-0.021	-0.021	3.996	3.996	0.217	0.217
51	52	154	0.003	0.013	0.252	0.252	0.098	0.098	0.803	0.803	0.34	0.34
51	58	155	0.003	0.013	0.127	0.127	-0.218	-0.218	0.576	0.576	1.066	1.066
52	51	156	0.003	0.013	-0.25	-0.25	-0.098	-0.098	0.803	0.803	0.34	0.34
52	53	157	0.003	0.013	0.081	0.081	-0.084	-0.084	0.76	0.76	0.922	0.922
53	52	158	0.003	0.013	-0.081	-0.081	0.084	0.084	0.76	0.76	0.922	0.922
53	54	159	0.003	0.013	-0.15	-0.15	-0.303	-0.303	0.86	0.86	2.282	2.282
54	49	160	0.003	0.013	-0.304	-0.304	0.157	0.157	4.698	4.698	3.081	3.081
54	53	161	0.003	0.013	0.151	0.151	0.306	0.306	0.86	0.86	2.282	2.282
54	55	162	0.003	0.013	0.011	0.011	-0.106	-0.106	0.044	0.044	0.482	0.482
54	56	163	0.003	0.013	0.005	0.005	-0.421	-0.421	0.005	0.005	0.271	0.271
54	59	164	0.003	0.013	-0.22	-0.22	-0.698	-0.698	2.568	2.568	9.849	9.849
55	54	165	0.003	0.013	-0.011	-0.011	0.106	0.106	0.044	0.044	0.482	0.482
55	56	166	0.003	0.013	-0.047	-0.047	0.221	0.221	0.048	0.048	0.211	0.211
55	59	167	0.003	0.013	-0.237	-0.237	-0.708	-0.708	2.612	2.612	9.367	9.367
56	54	168	0.003	0.013	-0.005	-0.005	0.421	0.421	0.005	0.005	0.271	0.271
56	55	169	0.003	0.013	0.047	0.047	-0.22	-0.22	0.048	0.048	0.211	0.211
56	57	170	0.003	0.013	-0.152	-0.152	0.254	0.254	0.88	0.88	1.637	1.637
56	58	171	0.003	0.013	0.005	0.005	0.336	0.336	0.122	0.122	2.069	2.069
56	59	172	0.003	0.013	-0.197	-0.197	-0.599	-0.599	2.564	2.564	9.578	9.578
57	50	173	0.003	0.013	-0.273	-0.273	0.152	0.152	2.045	2.045	1.486	1.486
57	56	174	0.003	0.013	0.153	0.153	-0.251	-0.251	0.88	0.88	1.637	1.637
58	51	175	0.003	0.013	-0.126	-0.126	0.219	0.219	0.576	0.576	1.066	1.066
58	56	176	0.003	0.013	-0.005	-0.005	-0.332	-0.332	0.122	0.122	2.069	2.069
59	54	177	0.003	0.013	0.222	0.222	0.725	0.725	2.568	2.568	9.849	9.849
59	55	178	0.003	0.013	0.24	0.24	0.735	0.735	2.612	2.612	9.367	9.367
59	56	179	0.003	0.013	0.2	0.2	0.632	0.632	2.564	2.564	9.578	9.578
59	60	180	0.003	0.013	-0.367	-0.367	0.736	0.736	2.862	2.862	6.475	6.475
59	61	181	0.003	0.013	-0.45	-0.45	0.671	0.671	3.611	3.611	6.13	6.13
59	63	182	0.002	0.013	-1.175	-1.175	-47.684	-47.684	2.453	2.453	14.709	14.709
60	59	183	0.003	0.013	0.371	0.371	-0.718	-0.718	2.862	2.862	6.475	6.475
60	61	184	0.002	0.013	-1.077	-1.077	-0.472	-0.472	0.749	0.749	0.345	0.345
60	62	185	0.003	0.013	-0.074	-0.074	0.531	0.531	0.246	0.246	1.819	1.819
61	59	186	0.003	0.013	0.456	0.456	-0.655	-0.655	3.611	3.611	6.13	6.13
61	60	187	0.004	0.013	1.08	1.08	0.473	0.473	0.749	0.749	0.345	0.345
61	62	188	0.003	0.013	0.274	0.274	0.966	0.966	0.503	0.503	2.164	2.164
61	64	189	0.003	0.013	-0.18	-0.18	-25.42	-25.42	0.257	0.257	5.263	5.263
62	60	190	0.003	0.013	0.074	0.074	-0.527	-0.527	0.246	0.246	1.819	1.819
62	61	191	0.003	0.013	-0.274	-0.274	-0.958	-0.958	0.503	0.503	2.164	2.164
62	66	192	0.003	0.013	-0.343	-0.343	0.326	0.326	3.978	3.978	4.558	4.558
62	67	193	0.003	0.013	-0.211	-0.211	0.448	0.448	1.38	1.38	3.238	3.238
63	59	194	0.004	0.013	1.175	1.175	47.684	47.684	2.453	2.453	14.709	14.709
63	64	195	0.002	0.013	-1.294	-1.294	-156.481	-156.481	1.416	1.416	3.316	3.316
64	61	196	0.003	0.013	0.18	0.18	25.42	25.42	0.257	0.257	5.263	5.263
64	63	197	0.004	0.013	1.297	1.297	157.279	157.279	1.416	1.416	3.316	3.316
64	65	198	0.002	0.013	-1.617	-1.617	-156.825	-156.825	2.747	2.747	5.055	5.055
65	38	199	0.004	0.013	1.271	1.271	122.093	122.093	7.022	7.022	13.224	13.224
65	64	200	0.005	0.013	1.624	1.624	158.063	158.063	2.747	2.747	5.055	5.055
65	66	201	0.003	0.013	-0.239	-0.239	-23.967	-23.967	0.47	0.47	6.513	6.513
65	68	202	0.003	0.013	0.701	0.701	-41.932	-41.932	0.61	0.61	0.758	0.758
66	49	203	0.004	0.013	1.035	1.035	0.242	0.242	4.957	4.957	0.079	0.079
66	62	204	0.003	0.013	0.349	0.349	-0.317	-0.317	3.978	3.978	4.558	4.558
66	65	205	0.003	0.013	0.239	0.239	23.967	23.967	0.47	0.47	6.513	6.513
66	67	206	0.003	0.013	0.498	0.498	-0.165	-0.165	2.599	2.599	1.32	1.32
67	62	207	0.003	0.013	0.213	0.213	-0.441	-0.441	1.38	1.38	3.238	3.238
67	66	208	0.003	0.013	-0.493	-0.493	0.168	0.168	2.599	2.599	1.32	1.32
68	65	209	0.003	0.013	-0.7	-0.7	42.001	42.001	0.61	0.61	0.758	0.758
68	69	210	0.002	0.013	-1.093	-1.093	-85.536	-85.536	2.163	2.163	26.621	26.621
68	81	211	0.003	0.013	-0.066	-0.066	20.088	20.088	0.12	0.12	0.377	0.377
68	116	212	0.005	0.013	1.818	1.818	95.185	95.185	0.422	0.422	0.422	0.422
69	47	213	0.003	0.013	0.442	0.442	-0.731	-0.731	6.616	6.616	15.364	15.364
69	49	214	0.003	0.013	0.344	0.344	-0.808	-0.808	6.04	6.04	19.272	19.272
69	68	215	0.004	0.013	1.093	1.093	85.536	85.536	2.163	2.163	26.621	26.621
69	70	216	0.003	0.013	0.938	0.938	0.383	0.383	6.197	6.197	2.561	2.561
69	75	217	0.004	0.013	0.969	0.969	0.559	0.559	6.15	6.15	3.64	3.64
69	77	218	0.003	0.013	0.73	0.73	0.241	0.241	3.891	3.891	0.46	0.46
70	24	219	0.003	0.013	-0.004	-0.004	-0.643	-0.643	0.088	0.088	19.743	19.743
70	69	220	0.002	0.013	-0.915	-0.915	-0.375	-0.375	6.197	6.197	2.561	2.561
70	71	221	0.003	0.013	0.091	0.091	-0.484	-0.484	0.198	0.198	1.392	1.392
70	74	222	0.003	0.013	0.139	0.139	0.191	0.191	0.794	0.794	1.655	1.655
70	75	223	0.003	0.013	0.025	0.025	0.12	0.12	0.046	0.046	1.079	1.079
71	70	224	0.003	0.013	-0.09	-0.09	0.487	0.487	0.198	0.198	1.392	1.392
71	72	225	0.003	0.013	0.034	0.034	-0.53	-0.53	0.435	0.435	7.983	7.983
71	73	226	0.003	0.013	0.056	0.056	0.042	0.042	0.131	0.131	0.131	0.131
72	24	227	0.003	0.013	-0.071	-0.071	-0.618	-0.618	0.72	0.72	10.368	10.368
72	71	228	0.003	0.013	-0.034	-0.034	0.551	0.551	0.435	0.435	7.983	7.983
73	71	229	0.003	0.013	-0.056	-0.056	-0.042	-0.042	0.131	0.131	0.131	0.131
74	70	230	0.003	0.013	-0.138	-0.138	-0.189	-0.189	0.794	0.794	1.655	1.655
74	75	231	0.003	0.013	-0.36	-0.36	-0.2	-0.2	0.84	0.84	0.576	0.576
75	69	232	0.002	0.013	-0.935	-0.935	-0.541	-0.541	6.15	6.15	3.64	3.64
75	70	233	0.003	0.013	-0.024	-0.024	-0.12	-0.12	0.046	0.046	1.079	1.079
75	74	234	0.003	0.013	0.362	0.362	0.2	0.2	0.84	0.84	0.576	0.576
75	77	235	0.003	0.013	-0.224	-0.224	-0.199	-0.199	2.259	2.259	3.18	3.18
75	118	236	0.003	0.013	0.35	0.35	0.249	0.249	0.815	0.815	0.642	0.642
76	77	237	0.003	0.013	-0.42	-0.42	-0.338	-0.338	3.129	3.129	3.68	3.68
76	118	238	0.003	0.013	-0.018	-0.018	0.009	0.009	0.055	0.055	0.143	0.143
77	69	239	0.002	0.013	-0.716	-0.716	-0.229	-0.229	3.891	3.891	0.46	0.46
77	75	240	0.003	0.013	0.227	0.227	0.202	0.202	2.259	2.259	3.18	3.18
77	76	241	0.003	0.013	0.428	0.428	0.344	0.344	3.129	3.129	3.68	3.68
77	78	242	0.003	0.013	0.511	0.511	0.311	0.311	0.285	0.285	0.193	0.193
77	80	243	0.002	0.013	-0.831	-0.831	-0.762	-0.762	2.105	2.105	3.122	3.122
77	82	244	0.003	0.013	0.173	0.173	0.091	0.091	0.685	0.685	0.312	0.312
78	77	245	0.002	0.013	-0.51	-0.51	-0.311	-0.311	0.285	0.285	0.193	0.193
78	79	246	0.003	0.013	-0.212	-0.212	-0.253	-0.253	0.271	0.271	0.507	0.507
79	78	247	0.003	0.013	0.212	0.212	0.253	0.253	0.271	0.271	0.507	0.507
79	80	248	0.003	0.013	-0.603	-0.603	-0.531	-0.531	2.12	2.12	2.808	2.808
80	77	249	0.003	0.013	0.842	0.842	0.777	0.777	2.105	2.105	3.122	3.122
80	79	250	0.003	0.013	0.608	0.608	0.537	0.537	2.12	2.12	2.808	2.808
80	81	251	0.003	0.013	0.129	0.129	69.708	69.708	0.258	0.258	23.582	23.582
80	96	252	0.003	0.013	0.257	0.257	0.208	0.208	2.266	2.266	2.692	2.692
80	97	253	0.003	0.013	0.331	0.331	0.26	0.26	1.476	1.476	1.695	1.695
80	98	254	0.003	0.013	0.283	0.283	0.212	0.212	1.54	1.54	1.66	1.66
80	99	255	0.003	0.013	0.188	0.188	0.145	0.145	2.011	2.011	2.24	2.24
81	68	256	0.003	0.013	0.066	0.066	-20.039	-20.039	0.12	0.12	0.377	0.377
81	80	257	0.003	0.013	-0.129	-0.129	-69.708	-69.708	0.258	0.258	23.582	23.582
82	77	258	0.003	0.013	-0.172	-0.172	-0.09	-0.09	0.685	0.685	0.312	0.312
82	83	259	0.003	0.013	-0.211	-0.211	-0.162	-0.162	0.417	0.417	0.445	0.445
82	96	260	0.003	0.013	-0.157	-0.157	-0.149	-0.149	0.524	0.524	0.742	0.742
83	82	261	0.003	0.013	0.212	0.212	0.162	0.162	0.417	0.417	0.445	0.445
83	84	262	0.003	0.013	-0.145	-0.145	-0.108	-0.108	1.199	1.199	1.238	1.238
83	85	263	0.003	0.013	-0.266	-0.266	-0.198	-0.198	2.106	2.106	2.163	2.163
84	83	264	0.003	0.013	0.147	0.147	0.109	0.109	1.199	1.199	1.238	1.238
84	85	265	0.003	0.013	-0.268	-0.268	-0.197	-0.197	0.907	0.907	0.926	0.926
85	83	266	0.003	0.013	0.269	0.269	0.2	0.2	2.106	2.106	2.163	2.163
85	84	267	0.003	0.013	0.27	0.27	0.198	0.198	0.907	0.907	0.926	0.926
85	86	268	0.003	0.013	0.174	0.174	0.126	0.126	1.081	1.081	1.081	1.081
85	88	269	0.003	0.013	-0.377	-0.377	-0.281	-0.281	2.106	2.106	2.174	2.174
85	89	270	0.003	0.013	-0.584	-0.584	-0.432	-0.432	5.27	5.27	5.386	5.386
86	85	271	0.003	0.013	-0.173	-0.173	-0.126	-0.126	1.081	1.081	1.081	1.081
86	87	272	0.003	0.013	-0.037	-0.037	-0.027	-0.027	0.331	0.331	0.331	0.331
87	86	273	0.003	0.013	0.037	0.037	0.027	0.027	0.331	0.331	0.331	0.331
88	85	274	0.003	0.013	0.38	0.38	0.283	0.283	2.106	2.106	2.174	2.174
88	89	275	0.002	0.013	-0.859	-0.859	-0.631	-0.631	3.164	3.164	3.212	3.212
89	85	276	0.003	0.013	0.592	0.592	0.438	0.438	5.27	5.27	5.386	5.386
89	88	277	0.004	0.013	0.869	0.869	0.638	0.638	3.164	3.164	3.212	3.212
89	90	278	0.003	0.013	0.544	0.544	0.394	0.394	5.389	5.389	5.379	5.379
89	92	279	0.004	0.013	1.486	1.486	1.07	1.07	3.882	3.882	3.847	3.847
90	89	280	0.003	0.013	-0.53	-0.53	-0.384	-0.384	5.389	5.389	5.379	5.379
90	91	281	0.003	0.013	-0.074	-0.074	-0.054	-0.054	0.311	0.311	0.321	0.321
91	90	282	0.003	0.013	0.074	0.074	0.055	0.055	0.311	0.311	0.321	0.321
91	92	283	0.003	0.013	-0.172	-0.172	-0.126	-0.126	1.195	1.195	1.211	1.211
92	89	284	0.002	0.013	-1.467	-1.467	-1.056	-1.056	3.882	3.882	3.847	3.847
92	91	285	0.003	0.013	0.173	0.173	0.126	0.126	1.195	1.195	1.211	1.211
92	93	286	0.003	0.013	0.374	0.374	0.27	0.27	1.643	1.643	1.631	1.631
92	94	287	0.003	0.013	0.318	0.318	0.229	0.229	2.668	2.668	2.645	2.645
92	100	288	0.003	0.013	0.13	0.13	0.091	0.091	2.173	2.173	2.081	2.081
92	102	289	0.003	0.013	0.273	0.273	0.195	0.195	0.795	0.795	0.777	0.777
93	92	290	0.003	0.013	-0.371	-0.371	-0.267	-0.267	1.643	1.643	1.631	1.631
93	94	291	0.003	0.013	0.25	0.25	0.18	0.18	1.025	1.025	1.014	1.014
94	92	292	0.003	0.013	-0.314	-0.314	-0.226	-0.226	2.668	2.668	2.645	2.645
94	93	293	0.003	0.013	-0.249	-0.249	-0.179	-0.179	1.025	1.025	1.014	1.014
94	95	294	0.003	0.013	0.367	0.367	0.27	0.27	0.746	0.746	0.764	0.764
94	96	295	0.003	0.013	0.15	0.15	0.113	0.113	0.719	0.719	0.76	0.76
94	100	296	0.003	0.013	-0.255	-0.255	-0.194	-0.194	0.495	0.495	0.564	0.564
95	94	297	0.003	0.013	-0.365	-0.365	-0.268	-0.268	0.746	0.746	0.764	0.764
95	96	298	0.003	0.013	-0.055	-0.055	-0.035	-0.035	0.027	0.027	0.004	0.004
96	80	299	0.003	0.013	-0.255	-0.255	-0.207	-0.207	2.266	2.266	2.692	2.692
96	82	300	0.003	0.013	0.158	0.158	0.15	0.15	0.524	0.524	0.742	0.742
96	94	301	0.003	0.013	-0.15	-0.15	-0.113	-0.113	0.719	0.719	0.76	0.76
96	95	302	0.003	0.013	0.055	0.055	0.036	0.036	0.027	0.027	0.004	0.004
96	97	303	0.003	0.013	-0.178	-0.178	-0.152	-0.152	0.789	0.789	0.997	0.997
97	80	304	0.003	0.013	-0.329	-0.329	-0.258	-0.258	1.476	1.476	1.695	1.695
97	96	305	0.003	0.013	0.179	0.179	0.153	0.153	0.789	0.789	0.997	0.997
98	80	306	0.003	0.013	-0.281	-0.281	-0.211	-0.211	1.54	1.54	1.66	1.66
98	100	307	0.003	0.013	-0.059	-0.059	-0.032	-0.032	0.489	0.489	0.293	0.293
99	80	308	0.003	0.013	-0.187	-0.187	-0.144	-0.144	2.011	2.011	2.24	2.24
99	100	309	0.003	0.013	-0.231	-0.231	-0.156	-0.156	0.96	0.96	0.872	0.872
100	92	310	0.003	0.013	-0.129	-0.129	-0.09	-0.09	2.173	2.173	2.081	2.081
100	94	311	0.003	0.013	0.257	0.257	0.196	0.196	0.495	0.495	0.564	0.564
100	98	312	0.003	0.013	0.06	0.06	0.032	0.032	0.489	0.489	0.293	0.293
100	99	313	0.003	0.013	0.232	0.232	0.157	0.157	0.96	0.96	0.872	0.872
100	101	314	0.003	0.013	0.01	0.01	0.01	0.01	0.123	0.123	0.084	0.084
100	103	315	0.003	0.013	0.707	0.707	0.509	0.509	1.987	1.987	1.987	1.987
100	104	316	0.003	0.013	0.387	0.387	0.279	0.279	4.085	4.085	4.085	4.085
100	106	317	0.003	0.013	0.411	0.411	0.296	0.296	4.877	4.877	4.877	4.877
101	100	318	0.003	0.013	-0.01	-0.01	-0.01	-0.01	0.123	0.123	0.084	0.084
101	102	319	0.003	0.013	-0.21	-0.21	-0.149	-0.149	1.255	1.255	1.22	1.22
102	92	320	0.003	0.013	-0.272	-0.272	-0.194	-0.194	0.795	0.795	0.777	0.777
102	101	321	0.003	0.013	0.211	0.211	0.15	0.15	1.255	1.255	1.22	1.22
103	100	322	0.003	0.013	-0.7	-0.7	-0.504	-0.504	1.987	1.987	1.987	1.987
103	104	323	0.003	0.013	0.253	0.253	0.182	0.182	2.098	2.098	2.098	2.098
103	105	324	0.003	0.013	0.303	0.303	0.219	0.219	2.622	2.622	2.622	2.622
103	110	325	0.003	0.013	0.306	0.306	0.221	0.221	2.908	2.908	2.908	2.908
104	100	326	0.003	0.013	-0.381	-0.381	-0.275	-0.275	4.085	4.085	4.085	4.085
104	103	327	0.003	0.013	-0.25	-0.25	-0.18	-0.18	2.098	2.098	2.098	2.098
104	105	328	0.003	0.013	0.258	0.258	0.186	0.186	0.524	0.524	0.524	0.524
105	103	329	0.003	0.013	-0.299	-0.299	-0.215	-0.215	2.622	2.622	2.622	2.622
105	104	330	0.003	0.013	-0.257	-0.257	-0.185	-0.185	0.524	0.524	0.524	0.524
105	106	331	0.003	0.013	0.114	0.114	0.083	0.083	0.267	0.267	0.267	0.267
105	107	332	0.003	0.013	0.12	0.12	0.087	0.087	1.171	1.171	1.171	1.171
105	108	333	0.003	0.013	0.075	0.075	0.054	0.054	0.302	0.302	0.302	0.302
106	100	334	0.003	0.013	-0.402	-0.402	-0.29	-0.29	4.877	4.877	4.877	4.877
106	105	335	0.003	0.013	-0.114	-0.114	-0.083	-0.083	0.267	0.267	0.267	0.267
106	107	336	0.003	0.013	0.085	0.085	0.061	0.061	0.903	0.903	0.903	0.903
107	105	337	0.003	0.013	-0.12	-0.12	-0.086	-0.086	1.171	1.171	1.171	1.171
107	106	338	0.003	0.013	-0.085	-0.085	-0.061	-0.061	0.903	0.903	0.903	0.903
108	105	339	0.003	0.013	-0.075	-0.075	-0.053	-0.053	0.302	0.302	0.302	0.302
108	109	340	0.003	0.013	0.044	0.044	0.031	0.031	0.076	0.076	0.076	0.076
109	108	341	0.003	0.013	-0.044	-0.044	-0.031	-0.031	0.076	0.076	0.076	0.076
109	110	342	0.003	0.013	-0.036	-0.036	-0.026	-0.026	0.093	0.093	0.093	0.093
110	103	343	0.003	0.013	-0.303	-0.303	-0.218	-0.218	2.908	2.908	2.908	2.908
110	109	344	0.003	0.013	0.036	0.036	0.026	0.026	0.093	0.093	0.093	0.093
110	111	345	0.003	0.013	-0.348	-0.348	-0.251	-0.251	1.367	1.367	1.367	1.367
110	112	346	0.003	0.013	0.316	0.316	0.228	0.228	1.08	1.08	1.08	1.08
111	110	347	0.003	0.013	0.35	0.35	0.253	0.253	1.367	1.367	1.367	1.367
112	110	348	0.003	0.013	-0.314	-0.314	-0.226	-0.226	1.08	1.08	1.08	1.08
113	17	349	0.003	0.013	-0.044	-0.044	-0.764	-0.764	0.053	0.053	2.532	2.532
113	32	350	0.003	0.013	-0.01	-0.01	0.738	0.738	0.308	0.308	15.701	15.701
114	32	351	0.003	0.013	-0.108	-0.108	-0.221	-0.221	0.315	0.315	1.301	1.301
114	115	352	0.003	0.013	0.028	0.028	0.173	0.173	0.012	0.012	0.178	0.178
115	27	353	0.003	0.013	-0.193	-0.193	0.04	0.04	0.735	0.735	0.436	0.436
115	114	354	0.003	0.013	-0.028	-0.028	-0.173	-0.173	0.012	0.012	0.178	0.178
116	68	355	0.002	0.013	-1.816	-1.816	-95.122	-95.122	0.422	0.422	0.422	0.422
117	12	356	0.003	0.013	-0.201	-0.201	-0.078	-0.078	1.374	1.374	1.374	1.374
118	75	357	0.003	0.013	-0.348	-0.348	-0.247	-0.247	0.815	0.815	0.642	0.642
118	76	358	0.003	0.013	0.018	0.018	-0.009	-0.009	0.055	0.055	0.143	0.143
                          Optimal Primal												
  1st Eig	  2nd Eig	  3rd Eig	  4th Eig									
130383.812	130383.812	29552361.23	29552361.23									
